10
0 1 52
0 2 58
0 3 39
0 4 29
0 5 39
0 6 59
0 7 999
0 8 50
0 9 34
0 10 24
1 0 47
1 2 50
1 3 43
1 4 53
1 5 999
1 6 25
1 7 46
1 8 39
1 9 48
1 10 53
2 0 22
2 1 32
2 3 44
2 4 999
2 5 20
2 6 999
2 7 44
2 8 54
2 9 34
2 10 54
3 0 31
3 1 60
3 2 54
3 4 44
3 5 999
3 6 36
3 7 45
3 8 999
3 9 43
3 10 39
4 0 33
4 1 31
4 2 60
4 3 54
4 5 44
4 6 999
4 7 36
4 8 45
4 9 21
4 10 43
5 0 28
5 1 37
5 2 33
5 3 999
5 4 23
5 6 999
5 7 999
5 8 58
5 9 27
5 10 48
6 0 60
6 1 34
6 2 999
6 3 52
6 4 999
6 5 36
6 7 27
6 8 49
6 9 29
6 10 59
7 0 30
7 1 34
7 2 51
7 3 999
7 4 34
7 5 33
7 6 23
7 8 999
7 9 58
7 10 40
8 0 28
8 1 43
8 2 36
8 3 48
8 4 57
8 5 52
8 6 999
8 7 23
8 9 50
8 10 38
9 0 48
9 1 34
9 2 35
9 3 999
9 4 46
9 5 34
9 6 49
9 7 45
9 8 54
9 10 25
10 0 29
10 1 36
10 2 45
10 3 47
10 4 25
10 5 999
10 6 29
10 7 999
10 8 51
10 9 37